0 0.344598 0.431306 0.026367 0.030528
0 0.372195 0.509257 0.043547 0.055597
0 0.320375 0.476000 0.036797 0.047972
0 0.275293 0.484722 0.037414 0.047972
0 0.256543 0.941535 0.091133 0.089042
0 0.468363 0.971132 0.104273 0.057736
0 0.625590 0.871472 0.118227 0.179528
0 0.506133 0.422653 0.100984 0.090500
0 0.651031 0.443479 0.122625 0.083347
0 0.567648 0.517507 0.055547 0.053347
0 0.780086 0.655236 0.081266 0.071583
0 0.188820 0.429667 0.033734 0.070861
0 0.709703 0.551840 0.060687 0.062014
0 0.821996 0.559021 0.068773 0.055764
0 0.424316 0.566549 0.052336 0.080403
0 0.301055 0.650069 0.051656 0.093056
0 0.332496 0.536979 0.043039 0.062375
0 0.800590 0.506889 0.063258 0.047667
0 0.682031 0.497563 0.052500 0.052875
0 0.565293 0.478840 0.051898 0.052153
0 0.258871 0.546056 0.041852 0.098833
0 0.955594 0.604542 0.060469 0.071000
0 0.249535 0.397507 0.026367 0.037069
0 0.222246 0.398049 0.042930 0.055597
0 0.283270 0.399139 0.022695 0.029444
0 0.302590 0.420396 0.018398 0.023986
0 0.364836 0.410590 0.020234 0.032708
0 0.390902 0.424764 0.033117 0.039250
