0 0.657918 0.699174 0.088586 0.113542
0 0.824797 0.925014 0.050750 0.122083
0 0.352504 0.413264 0.024742 0.037472
0 0.369398 0.587653 0.046719 0.076750
0 0.443539 0.502944 0.049437 0.066778
0 0.401004 0.677424 0.060992 0.114903
0 0.544996 0.502125 0.044727 0.050056
0 0.308668 0.521285 0.039961 0.057486
0 0.467348 0.438743 0.040352 0.050375
0 0.650879 0.573160 0.051320 0.038792
0 0.628617 0.510549 0.052250 0.047597
0 0.703902 0.503556 0.056852 0.056694
0 0.920125 0.651618 0.100234 0.102764
0 0.766156 0.642278 0.077375 0.085111
0 0.597602 0.826569 0.094047 0.139778
0 0.495754 0.628722 0.061773 0.102194
0 0.417930 0.431493 0.041016 0.034931
0 0.706336 0.502632 0.010016 0.050653
0 0.662953 0.965708 0.108547 0.068583
0 0.531098 0.583069 0.055805 0.068694
0 0.543363 0.456597 0.045992 0.049056
0 0.378387 0.477312 0.042320 0.038153
0 0.373480 0.520382 0.043539 0.045792
0 0.331469 0.478951 0.039250 0.045792
0 0.256344 0.479493 0.036187 0.046875
0 0.249293 0.445694 0.033117 0.035972
0 0.184285 0.454465 0.047836 0.073153
0 0.178148 0.387368 0.034344 0.050153
0 0.226602 0.397722 0.036797 0.051250
0 0.264621 0.407535 0.023305 0.046875
0 0.294980 0.409167 0.030055 0.043611
0 0.333309 0.408625 0.020852 0.049056
