0 0.330469 0.420382 0.020766 0.026319
0 0.839027 0.618604 0.091758 0.080875
0 0.499820 0.556868 0.065250 0.073042
0 0.532348 0.674667 0.070008 0.105194
0 0.491508 0.462472 0.038531 0.040222
0 0.447813 0.457743 0.046500 0.048264
0 0.440617 0.581764 0.052109 0.067083
0 0.342871 0.543014 0.040086 0.067778
0 0.727676 0.548438 0.054570 0.070153
0 0.600105 0.528715 0.038961 0.060597
0 0.633113 0.499549 0.052102 0.053181
0 0.351895 0.465382 0.045742 0.066292
0 0.288477 0.599444 0.067109 0.154722
0 0.247133 0.518306 0.039484 0.077556
0 0.254691 0.456910 0.029602 0.038875
0 0.242871 0.433146 0.036008 0.035347
0 0.286949 0.404875 0.024305 0.022778
0 0.207270 0.395979 0.030758 0.032069
0 0.174293 0.388611 0.027508 0.028917
0 0.377336 0.423701 0.034219 0.032236
0 0.368781 0.435563 0.028750 0.032847
0 0.431234 0.419750 0.031141 0.034056
0 0.516098 0.435264 0.045508 0.044417
0 0.833719 0.554014 0.084563 0.067139
0 0.971238 0.726243 0.055836 0.116764
