0 0.202437 0.478403 0.034344 0.046889
0 0.676504 0.964069 0.104258 0.071861
0 0.546797 0.580889 0.069297 0.103583
0 0.284922 0.629403 0.047219 0.078500
0 0.273270 0.589063 0.038633 0.054514
0 0.329387 0.546549 0.045383 0.063236
0 0.344410 0.487125 0.044773 0.064333
0 0.449594 0.461500 0.036797 0.043611
0 0.500492 0.479493 0.046609 0.049069
0 0.537906 0.430431 0.036797 0.046889
0 0.472898 0.422799 0.044156 0.049069
0 0.394398 0.442424 0.031891 0.042514
0 0.376609 0.420618 0.029437 0.044708
0 0.238312 0.520924 0.036187 0.053431
0 0.238312 0.399361 0.028828 0.034889
0 0.263766 0.411896 0.026984 0.033792
0 0.313133 0.411896 0.026375 0.038153
0 0.811191 0.676153 0.085023 0.082917
0 0.682719 0.721694 0.086203 0.128083
0 0.522504 0.693181 0.066523 0.116250
0 0.596523 0.529813 0.038641 0.048931
0 0.610254 0.474090 0.050336 0.051625
0 0.447281 0.573403 0.053781 0.065833
0 0.979398 0.580125 0.041125 0.071694
0 0.936516 0.692208 0.085641 0.076556
0 0.282738 0.782111 0.078508 0.169556
0 0.840418 0.959729 0.047195 0.068264
0 0.663152 0.476292 0.043758 0.030861
0 0.676910 0.580743 0.062211 0.066819
0 0.929129 0.608486 0.083602 0.075306
0 0.397578 0.657521 0.069687 0.137236
0 0.173230 0.392785 0.016117 0.023069
0 0.189918 0.397472 0.016977 0.021306
0 0.217312 0.438021 0.025844 0.037708
0 0.267684 0.446465 0.030273 0.038875
0 0.245703 0.465708 0.025625 0.038889
