0 0.186043 0.483153 0.026398 0.071583
0 0.192395 0.440326 0.021617 0.031097
0 0.176223 0.416563 0.021617 0.031097
0 0.308625 0.530889 0.044594 0.069556
0 0.345359 0.493146 0.041406 0.045736
0 0.507133 0.464465 0.040359 0.037986
0 0.853082 0.942514 0.107055 0.108250
0 0.273965 0.839493 0.085648 0.135764
0 0.874926 0.697778 0.079148 0.081972
0 0.639145 0.561507 0.038602 0.050625
0 0.239656 0.521167 0.040266 0.063167
0 0.382117 0.624201 0.050766 0.077236
0 0.340457 0.421069 0.031586 0.039028
0 0.668086 0.521965 0.043828 0.044931
0 0.423809 0.421687 0.037070 0.034153
0 0.830715 0.612056 0.071617 0.062139
0 0.189859 0.397333 0.021984 0.026361
0 0.231527 0.393924 0.015852 0.023181
0 0.252746 0.404604 0.026586 0.031819
0 0.567742 0.447368 0.039359 0.032264
0 0.561457 0.487451 0.047836 0.051236
0 0.596629 0.639201 0.069633 0.087958
0 0.433535 0.881090 0.105367 0.162875
0 0.985582 0.636264 0.028383 0.087583
0 0.297742 0.467639 0.046141 0.045222
