0 0.259977 0.551785 0.041578 0.052792
0 0.482352 0.441312 0.040453 0.030708
0 0.585195 0.525528 0.048984 0.050333
0 0.274180 0.604681 0.041328 0.076667
0 0.779813 0.561993 0.083047 0.095264
0 0.851848 0.539861 0.058227 0.062222
0 0.720637 0.596472 0.069039 0.065111
0 0.456922 0.587201 0.055906 0.070347
0 0.528711 0.726479 0.068359 0.103097
0 0.306184 0.413299 0.020102 0.019597
0 0.779531 0.426299 0.048438 0.051097
0 0.915820 0.833528 0.166672 0.243750
0 0.818941 0.911292 0.163383 0.177417
0 0.433879 0.937563 0.125617 0.124875
0 0.179855 0.391813 0.027242 0.026514
0 0.213055 0.397285 0.022172 0.033792
0 0.251660 0.395875 0.019398 0.028167
0 0.409645 0.433535 0.024945 0.035903
0 0.613719 0.476444 0.036594 0.034639
0 0.374602 0.438458 0.034047 0.041528
0 0.453988 0.519764 0.046320 0.057722
0 0.264930 0.482451 0.039594 0.056319
0 0.575605 0.480167 0.052039 0.051056
0 0.482926 0.471910 0.041492 0.029542
0 0.386320 0.626479 0.060344 0.094069
0 0.345305 0.489493 0.044344 0.057708
