0 0.774734 0.870417 0.118641 0.148306
0 0.313867 0.415049 0.029781 0.041597
0 0.246949 0.907264 0.098727 0.153556
0 0.877773 0.645674 0.082687 0.071264
0 0.409402 0.675194 0.059086 0.113833
0 0.284801 0.690958 0.060633 0.132806
0 0.340656 0.542938 0.051359 0.061986
0 0.850840 0.694007 0.089523 0.083181
0 0.521508 0.653722 0.071312 0.110250
0 0.267227 0.587076 0.047422 0.076542
0 0.700340 0.598917 0.066695 0.071306
0 0.715336 0.513646 0.055375 0.059792
0 0.456187 0.604014 0.051344 0.077194
0 0.583660 0.483083 0.036070 0.052889
0 0.362035 0.433458 0.032180 0.029972
0 0.422176 0.533569 0.055805 0.077417
0 0.494848 0.558097 0.050289 0.100306
0 0.445176 0.461611 0.035570 0.038167
0 0.486672 0.434833 0.033719 0.038917
0 0.460793 0.444292 0.023367 0.029444
0 0.598023 0.461646 0.029281 0.039958
0 0.373102 0.407493 0.028391 0.027347
0 0.235668 0.522222 0.036430 0.055611
0 0.264570 0.483507 0.036422 0.048569
0 0.229727 0.452181 0.039594 0.043639
0 0.238242 0.406438 0.038406 0.038014
0 0.264371 0.389542 0.022570 0.036611
0 0.220121 0.398035 0.037430 0.044958
0 0.172805 0.385708 0.027031 0.050889
