0 0.293238 0.778486 0.072430 0.150000
0 0.183273 0.451319 0.022906 0.074111
0 0.196785 0.390639 0.025195 0.027694
0 0.213047 0.407743 0.022906 0.032569
0 0.263551 0.402764 0.039227 0.045222
0 0.388723 0.637208 0.089492 0.195583
0 0.431008 0.510222 0.047625 0.070056
0 0.735605 0.793382 0.113305 0.180986
0 0.371949 0.464014 0.039758 0.058417
0 0.393945 0.407472 0.042406 0.049000
0 0.259844 0.472493 0.033922 0.082931
0 0.333816 0.486021 0.042555 0.046042
0 0.322051 0.417250 0.041477 0.034167
0 0.913605 0.577306 0.082945 0.086500
0 0.251699 0.551090 0.041086 0.049458
0 0.292254 0.506646 0.039008 0.062097
0 0.328020 0.541375 0.038570 0.062972
0 0.508844 0.566375 0.054641 0.063167
0 0.897281 0.460250 0.070922 0.064389
0 0.301063 0.596229 0.042797 0.074347
0 0.544289 0.733528 0.073797 0.110306
0 0.748547 0.577972 0.070609 0.064361
0 0.737738 0.492535 0.051555 0.051847
