0 0.736105 0.518403 0.052773 0.050639
0 0.700043 0.537701 0.057023 0.058625
0 0.476270 0.632667 0.059898 0.081889
0 0.232734 0.437882 0.023359 0.033653
0 0.323828 0.447083 0.037563 0.049944
0 0.274879 0.457076 0.034305 0.049958
0 0.232141 0.468903 0.029875 0.038917
0 0.379578 0.509903 0.041344 0.074444
0 0.515824 0.429667 0.045992 0.040333
0 0.663629 0.461826 0.050898 0.050153
0 0.196301 0.396507 0.030492 0.035736
0 0.542687 0.584056 0.057656 0.082861
0 0.227313 0.405375 0.019406 0.024639
0 0.328695 0.540125 0.043234 0.061639
0 0.254434 0.400451 0.020586 0.026042
0 0.267301 0.413472 0.017023 0.022528
0 0.299965 0.400444 0.021383 0.028861
0 0.344707 0.419104 0.019008 0.019708
0 0.410234 0.449368 0.025734 0.029569
0 0.465273 0.451125 0.033656 0.033083
0 0.371148 0.443931 0.025141 0.035222
0 0.253586 0.440250 0.017750 0.026806
0 0.187336 0.444458 0.017156 0.035222
0 0.990824 0.642319 0.018023 0.057972
0 0.205137 0.473785 0.026133 0.029681
0 0.438078 0.582187 0.048578 0.062819
0 0.623305 0.679708 0.078016 0.101861
0 0.292566 0.503799 0.040148 0.049764
0 0.552844 0.472118 0.052297 0.055625
0 0.262273 0.898542 0.121719 0.191667
0 0.778332 0.642958 0.087617 0.117111
0 0.842543 0.615944 0.072773 0.069472
0 0.616543 0.497646 0.051570 0.059653
0 0.285625 0.625569 0.053938 0.103528
