0 0.324242 0.419375 0.026844 0.028639
0 0.555629 0.460847 0.035242 0.038972
0 0.282715 0.652715 0.056102 0.099875
0 0.323359 0.515882 0.047531 0.090819
0 0.502848 0.649896 0.069930 0.107847
0 0.245195 0.468882 0.037844 0.045958
0 0.352063 0.438153 0.024984 0.019639
0 0.396699 0.429840 0.020930 0.020986
0 0.474445 0.467375 0.056922 0.043306
0 0.825617 0.553174 0.072453 0.071042
0 0.765852 0.602361 0.068687 0.075500
0 0.559059 0.775174 0.082117 0.124764
0 0.485961 0.466681 0.033984 0.043111
0 0.972117 0.703250 0.055766 0.119833
0 0.622758 0.455188 0.047937 0.040458
0 0.634969 0.475014 0.040078 0.037778
0 0.613352 0.498389 0.047547 0.042889
0 0.384152 0.482611 0.041867 0.051722
0 0.303023 0.400514 0.028375 0.036361
0 0.274012 0.402792 0.023008 0.031806
0 0.204996 0.391653 0.033227 0.044083
0 0.261652 0.545465 0.043977 0.061903
0 0.238883 0.933083 0.078703 0.133833
0 0.433082 0.947361 0.119539 0.105278
0 0.837973 0.689382 0.084539 0.084542
