0 0.620637 0.550562 0.052273 0.055542
0 0.368582 0.509486 0.048305 0.066167
0 0.211664 0.481993 0.047766 0.060264
0 0.733477 0.622229 0.071484 0.072792
0 0.240898 0.467847 0.039453 0.058472
0 0.866848 0.720812 0.096039 0.097514
0 0.435102 0.436979 0.024547 0.023931
0 0.507953 0.440854 0.121156 0.130208
0 0.427578 0.502444 0.046719 0.059139
0 0.453055 0.959924 0.117078 0.080153
0 0.194766 0.433111 0.022969 0.031667
0 0.221492 0.423958 0.032859 0.023222
0 0.217332 0.403896 0.028508 0.029569
0 0.358883 0.421493 0.020984 0.023931
0 0.346016 0.432056 0.031672 0.028167
0 0.560852 0.510090 0.048672 0.048569
0 0.289469 0.501903 0.037484 0.041806
0 0.779273 0.545604 0.044672 0.039958
0 0.745027 0.559569 0.055695 0.054778
0 0.396125 0.691528 0.059344 0.093444
0 0.659371 0.514181 0.059820 0.047861
0 0.502387 0.554028 0.049195 0.056472
0 0.267316 0.539250 0.040164 0.069194
