0 0.965617 0.707667 0.064375 0.065278
0 0.266035 0.406431 0.024945 0.035194
0 0.239508 0.409250 0.020984 0.025333
0 0.193383 0.398333 0.019797 0.024639
0 0.304992 0.458097 0.044344 0.062639
0 0.271934 0.478160 0.041570 0.059125
0 0.238875 0.523917 0.036422 0.066167
0 0.430707 0.435222 0.034445 0.039417
0 0.398832 0.445785 0.031680 0.036597
0 0.592645 0.458806 0.037617 0.045750
0 0.475246 0.600639 0.075227 0.105583
0 0.380223 0.618236 0.058602 0.104167
0 0.554992 0.460646 0.051109 0.046292
0 0.768801 0.568944 0.067367 0.067306
0 0.608117 0.889674 0.110719 0.182292
0 0.275813 0.707993 0.062688 0.101264
0 0.271941 0.832722 0.080508 0.161889
0 0.686523 0.742688 0.090188 0.116347
0 0.497332 0.481389 0.042758 0.038750
0 0.462691 0.949444 0.114289 0.095083
0 0.326355 0.416861 0.034852 0.035861
0 0.762918 0.409319 0.037430 0.050444
0 0.814422 0.519597 0.059906 0.057917
0 0.772852 0.652861 0.078312 0.090583
0 0.635223 0.557438 0.058961 0.051931
